{
  "advancedEditorSelectedIdentifier" : "ProjectBrowser",
  "openSceneRelativePaths" : [
    "Immersive.usda",
    "Scene.usda"
  ],
  "recentIdentifiers" : {
    "D1722EDD-BA6C-47FF-993B-4ED6B15BC700" : [

    ],
    "D66134B1-3681-4A8E-AFE5-29F257229F3B" : [

    ]
  },
  "sceneCameraHistory" : {
    "1D572CEB-057A-41C3-B575-04C37501A3C0" : [
      {
        "date" : 729386723.794211,
        "title" : "Untitled",
        "transform" : [
          0.39868453,
          -6.1656222e-09,
          0.9170881,
          0,
          0.4286868,
          0.884023,
          -0.18636249,
          0,
          -0.81072694,
          0.46744347,
          0.35244632,
          0,
          -1.2105753,
          0.7028824,
          0.51859266,
          1
        ]
      },
      {
        "date" : 729386715.356025,
        "title" : "Untitled",
        "transform" : [
          0.39868453,
          -6.1656222e-09,
          0.9170881,
          0,
          0.4286868,
          0.884023,
          -0.18636249,
          0,
          -0.81072694,
          0.46744347,
          0.35244632,
          0,
          -1.0330106,
          0.599785,
          0.44252637,
          1
        ]
      },
      {
        "date" : 729386707.881321,
        "title" : "Untitled",
        "transform" : [
          0.69572467,
          -7.555357e-09,
          0.71830845,
          0,
          0.4795275,
          0.74453926,
          -0.46445104,
          0,
          -0.5348089,
          0.66757876,
          0.51799434,
          0,
          -0.6830753,
          0.8540361,
          0.6532328,
          1
        ]
      },
      {
        "date" : 729386696.8354,
        "title" : "Untitled",
        "transform" : [
          0.99999994,
          0,
          -0,
          0,
          -0,
          0.8660253,
          -0.50000024,
          0,
          0,
          0.50000024,
          0.8660253,
          0,
          -0.005384951,
          0.64168674,
          1.094245,
          1
        ]
      }
    ],
    "D1722EDD-BA6C-47FF-993B-4ED6B15BC700" : [
      {
        "date" : 729389799.668948,
        "title" : "Untitled",
        "transform" : [
          0.73508656,
          -2.1880535e-08,
          0.6779732,
          0,
          0.25705457,
          0.9253347,
          -0.27870914,
          0,
          -0.6273521,
          0.37915146,
          0.6802011,
          0,
          -0.15114881,
          0.25591883,
          0.3180154,
          1
        ]
      },
      {
        "date" : 729389793.593197,
        "title" : "Untitled",
        "transform" : [
          -0.49451125,
          2.8735598e-09,
          0.8691712,
          0,
          -0.025634099,
          0.99956506,
          -0.014584416,
          0,
          -0.86879313,
          -0.029492568,
          -0.49429613,
          0,
          -0.4116438,
          0.13353312,
          -0.110206954,
          1
        ]
      },
      {
        "date" : 729389621.306571,
        "title" : "Untitled",
        "transform" : [
          -0.49451125,
          2.8735598e-09,
          0.8691712,
          0,
          -0.025634099,
          0.99956506,
          -0.014584416,
          0,
          -0.86879313,
          -0.029492568,
          -0.49429613,
          0,
          -0.31008315,
          0.10058788,
          -0.08301674,
          1
        ]
      },
      {
        "date" : 729387097.099554,
        "title" : "Untitled",
        "transform" : [
          0.9590734,
          2.4639446e-09,
          0.28315747,
          0,
          0.056181077,
          0.9801193,
          -0.19028911,
          0,
          -0.27752808,
          0.1984093,
          0.9400063,
          0,
          -0.0013060293,
          0.1685268,
          0.2911328,
          1
        ]
      },
      {
        "date" : 729387090.743204,
        "title" : "Untitled",
        "transform" : [
          0.95598614,
          0.003947438,
          -0.2933855,
          0,
          -0.20510375,
          0.7240184,
          -0.65858173,
          0,
          0.20981677,
          0.68976945,
          0.6929611,
          0,
          -0.0013060293,
          0.1685268,
          0.2911328,
          1
        ]
      },
      {
        "date" : 729387074.474485,
        "title" : "Untitled",
        "transform" : [
          0.95598614,
          0.003947438,
          -0.2933855,
          0,
          -0.20510375,
          0.7240184,
          -0.65858173,
          0,
          0.20981677,
          0.68976945,
          0.6929611,
          0,
          -0.0017949787,
          0.23161963,
          0.4001267,
          1
        ]
      },
      {
        "date" : 729386936.06608,
        "title" : "Untitled",
        "transform" : [
          1,
          0,
          -0,
          0,
          -0,
          0.86545706,
          -0.5009832,
          0,
          0,
          0.5009832,
          0.86545706,
          0,
          -0.0017949787,
          0.23161963,
          0.4001267,
          1
        ]
      }
    ],
    "D66134B1-3681-4A8E-AFE5-29F257229F3B" : [
      {
        "date" : 729386910.554196,
        "title" : "Untitled",
        "transform" : [
          1,
          0,
          -0,
          0,
          -0,
          0.86545706,
          -0.5009832,
          0,
          0,
          0.5009832,
          0.86545706,
          0,
          -0.0017949787,
          0.23161963,
          0.4001267,
          1
        ]
      }
    ]
  },
  "selectedSceneRelativePath" : "Scene.usda"
}