{
  "advancedEditorSelectedIdentifier" : "ProjectBrowser",
  "openSceneRelativePaths" : [
    "Immersive.usda",
    "Scene.usda"
  ],
  "recentIdentifiers" : {
    "1D572CEB-057A-41C3-B575-04C37501A3C0" : [

    ],
    "D66134B1-3681-4A8E-AFE5-29F257229F3B" : [

    ]
  },
  "sceneCameraHistory" : {
    "1D572CEB-057A-41C3-B575-04C37501A3C0" : [
      {
        "date" : 729399612.436094,
        "title" : "Untitled",
        "transform" : [
          1,
          0,
          0,
          0,
          0,
          0.86602587,
          -0.4999992,
          0,
          0,
          0.4999992,
          0.86602587,
          0,
          0.038492225,
          1.3743623,
          1.8203762,
          1
        ]
      },
      {
        "date" : 729399574.152778,
        "title" : "Untitled",
        "transform" : [
          1,
          0,
          0,
          0,
          0,
          0.86602587,
          -0.4999992,
          0,
          0,
          0.4999992,
          0.86602587,
          0,
          0.038492225,
          0.8232973,
          0.86590147,
          1
        ]
      },
      {
        "date" : 729399563.702886,
        "title" : "Untitled",
        "transform" : [
          1,
          0,
          0,
          0,
          0,
          0.86602587,
          -0.4999992,
          0,
          0,
          0.4999992,
          0.86602587,
          0,
          0.08945092,
          0.39359808,
          1.1139879,
          1
        ]
      },
      {
        "date" : 729378562.72392,
        "title" : "Untitled",
        "transform" : [
          1,
          0,
          0,
          0,
          0,
          0.86602587,
          -0.4999992,
          0,
          0,
          0.4999992,
          0.86602587,
          0,
          0.026537389,
          0.09584004,
          0.29423708,
          1
        ]
      },
      {
        "date" : 729378559.081658,
        "title" : "Untitled",
        "transform" : [
          1,
          0,
          0,
          0,
          0,
          0.86602587,
          -0.4999992,
          0,
          0,
          0.4999992,
          0.86602587,
          0,
          0.029833376,
          0.16149157,
          0.25633323,
          1
        ]
      },
      {
        "date" : 729378547.088936,
        "title" : "Untitled",
        "transform" : [
          1,
          0,
          0,
          0,
          0,
          0.86602587,
          -0.4999992,
          0,
          0,
          0.4999992,
          0.86602587,
          0,
          -0.049270377,
          0.10797137,
          0.28723305,
          1
        ]
      },
      {
        "date" : 729378534.247748,
        "title" : "Untitled",
        "transform" : [
          1,
          0,
          0,
          0,
          0,
          0.86602587,
          -0.4999992,
          0,
          0,
          0.4999992,
          0.86602587,
          0,
          -0.10942212,
          0.24569665,
          0.20771748,
          1
        ]
      },
      {
        "date" : 729374020.329451,
        "title" : "Untitled",
        "transform" : [
          1,
          0,
          -0,
          0,
          -0,
          0.86602587,
          -0.4999992,
          0,
          0,
          0.4999992,
          0.86602587,
          0,
          0,
          4.123824,
          5.025334,
          1
        ]
      }
    ],
    "D66134B1-3681-4A8E-AFE5-29F257229F3B" : [
      {
        "date" : 729837779.858265,
        "title" : "Untitled",
        "transform" : [
          0.97461945,
          -8.751715e-09,
          -0.22386825,
          0,
          -0.038564056,
          0.9850511,
          -0.16789016,
          0,
          0.22052173,
          0.17226228,
          0.96005,
          0,
          0.06778933,
          0.09498971,
          0.731057,
          1
        ]
      },
      {
        "date" : 729837773.142141,
        "title" : "Untitled",
        "transform" : [
          0.7025115,
          -7.933621e-09,
          0.7116724,
          0,
          0.17396167,
          0.9696642,
          -0.17172237,
          0,
          -0.69008327,
          0.24444066,
          0.68120027,
          0,
          -0.5825076,
          0.14903069,
          0.437294,
          1
        ]
      },
      {
        "date" : 729837768.441906,
        "title" : "Untitled",
        "transform" : [
          0.7025115,
          -1.2338646e-09,
          0.7116724,
          0,
          0.17396168,
          0.9696643,
          -0.17172238,
          0,
          -0.69008327,
          0.24444067,
          0.68120027,
          0,
          5.578248,
          26.63093,
          107.51351,
          1
        ]
      },
      {
        "date" : 729837694.291212,
        "title" : "Untitled",
        "transform" : [
          0.55112827,
          -0.00023565827,
          0.8344205,
          0,
          0.3830861,
          0.8884537,
          -0.25277448,
          0,
          -0.7412845,
          0.45896608,
          0.4897423,
          0,
          1.7306588e-06,
          50.002674,
          86.65495,
          1
        ]
      },
      {
        "date" : 729837685.641571,
        "title" : "Untitled",
        "transform" : [
          0.99999994,
          0,
          0,
          0,
          0,
          0.8660254,
          -0.49999988,
          0,
          0,
          0.49999988,
          0.8660254,
          0,
          1.7306588e-06,
          0.21933751,
          0.42620426,
          1
        ]
      },
      {
        "date" : 729837632.495998,
        "title" : "Untitled",
        "transform" : [
          0.99999994,
          0,
          0,
          0,
          0,
          0.8660254,
          -0.49999988,
          0,
          0,
          0.49999988,
          0.8660254,
          0,
          1.7306588e-06,
          0.21933751,
          0.42620426,
          1
        ]
      },
      {
        "date" : 729837615.143506,
        "title" : "Untitled",
        "transform" : [
          0.99999994,
          0,
          -0,
          0,
          -0,
          0.8660254,
          -0.49999988,
          0,
          0,
          0.49999988,
          0.8660254,
          0,
          5.811453e-07,
          0.07365227,
          0.14311695,
          1
        ]
      },
      {
        "date" : 729837612.393538,
        "title" : "Untitled",
        "transform" : [
          0.99999994,
          0,
          0,
          0,
          0,
          0.8660254,
          -0.49999988,
          0,
          0,
          0.49999988,
          0.8660254,
          0,
          0.13227949,
          11.614982,
          7.737394,
          1
        ]
      },
      {
        "date" : 729401015.730978,
        "title" : "Untitled",
        "transform" : [
          0.99999994,
          0,
          0,
          0,
          0,
          0.8660254,
          -0.49999988,
          0,
          0,
          0.49999988,
          0.8660254,
          0,
          0.013876934,
          1.2184832,
          0.81170034,
          1
        ]
      },
      {
        "date" : 729378205.371472,
        "title" : "Untitled",
        "transform" : [
          0.99999994,
          0,
          0,
          0,
          0,
          0.8660254,
          -0.49999988,
          0,
          0,
          0.49999988,
          0.8660254,
          0,
          0.033375833,
          0.11775268,
          0.21655238,
          1
        ]
      }
    ]
  },
  "selectedSceneRelativePath" : "Immersive.usda"
}