{
  "advancedEditorSelectedIdentifier" : "ProjectBrowser",
  "openSceneRelativePaths" : [
    "Immersive.usda",
    "Scene.usda"
  ],
  "recentIdentifiers" : {
    "1D572CEB-057A-41C3-B575-04C37501A3C0" : [

    ],
    "D66134B1-3681-4A8E-AFE5-29F257229F3B" : [

    ]
  },
  "sceneCameraHistory" : {
    "1D572CEB-057A-41C3-B575-04C37501A3C0" : [
      {
        "date" : 729399612.436094,
        "title" : "Untitled",
        "transform" : [
          1,
          0,
          0,
          0,
          0,
          0.86602587,
          -0.4999992,
          0,
          0,
          0.4999992,
          0.86602587,
          0,
          0.038492225,
          1.3743623,
          1.8203762,
          1
        ]
      },
      {
        "date" : 729399574.152778,
        "title" : "Untitled",
        "transform" : [
          1,
          0,
          0,
          0,
          0,
          0.86602587,
          -0.4999992,
          0,
          0,
          0.4999992,
          0.86602587,
          0,
          0.038492225,
          0.8232973,
          0.86590147,
          1
        ]
      },
      {
        "date" : 729399563.702886,
        "title" : "Untitled",
        "transform" : [
          1,
          0,
          0,
          0,
          0,
          0.86602587,
          -0.4999992,
          0,
          0,
          0.4999992,
          0.86602587,
          0,
          0.08945092,
          0.39359808,
          1.1139879,
          1
        ]
      },
      {
        "date" : 729378562.72392,
        "title" : "Untitled",
        "transform" : [
          1,
          0,
          0,
          0,
          0,
          0.86602587,
          -0.4999992,
          0,
          0,
          0.4999992,
          0.86602587,
          0,
          0.026537389,
          0.09584004,
          0.29423708,
          1
        ]
      },
      {
        "date" : 729378559.081658,
        "title" : "Untitled",
        "transform" : [
          1,
          0,
          0,
          0,
          0,
          0.86602587,
          -0.4999992,
          0,
          0,
          0.4999992,
          0.86602587,
          0,
          0.029833376,
          0.16149157,
          0.25633323,
          1
        ]
      },
      {
        "date" : 729378547.088936,
        "title" : "Untitled",
        "transform" : [
          1,
          0,
          0,
          0,
          0,
          0.86602587,
          -0.4999992,
          0,
          0,
          0.4999992,
          0.86602587,
          0,
          -0.049270377,
          0.10797137,
          0.28723305,
          1
        ]
      },
      {
        "date" : 729378534.247748,
        "title" : "Untitled",
        "transform" : [
          1,
          0,
          0,
          0,
          0,
          0.86602587,
          -0.4999992,
          0,
          0,
          0.4999992,
          0.86602587,
          0,
          -0.10942212,
          0.24569665,
          0.20771748,
          1
        ]
      },
      {
        "date" : 729374020.329451,
        "title" : "Untitled",
        "transform" : [
          1,
          0,
          -0,
          0,
          -0,
          0.86602587,
          -0.4999992,
          0,
          0,
          0.4999992,
          0.86602587,
          0,
          0,
          4.123824,
          5.025334,
          1
        ]
      }
    ],
    "D66134B1-3681-4A8E-AFE5-29F257229F3B" : [
      {
        "date" : 729378205.371472,
        "title" : "Untitled",
        "transform" : [
          0.99999994,
          0,
          0,
          0,
          0,
          0.8660254,
          -0.49999988,
          0,
          0,
          0.49999988,
          0.8660254,
          0,
          0.033375833,
          0.11775268,
          0.21655238,
          1
        ]
      },
      {
        "date" : 729376197.718034,
        "title" : "Untitled",
        "transform" : [
          0.99999994,
          0,
          0,
          0,
          0,
          0.8660254,
          -0.49999988,
          0,
          0,
          0.49999988,
          0.8660254,
          0,
          0.02059056,
          0.06991987,
          0.119143784,
          1
        ]
      },
      {
        "date" : 729375879.550453,
        "title" : "Untitled",
        "transform" : [
          0.99999994,
          0,
          0,
          0,
          0,
          0.8660254,
          -0.49999988,
          0,
          0,
          0.49999988,
          0.8660254,
          0,
          0,
          0.06907073,
          0.11963403,
          1
        ]
      },
      {
        "date" : 729375762.150459,
        "title" : "Untitled",
        "transform" : [
          0.99999994,
          0,
          0,
          0,
          0,
          0.8660254,
          -0.49999988,
          0,
          0,
          0.49999988,
          0.8660254,
          0,
          0,
          0.10361893,
          0.17947328,
          1
        ]
      },
      {
        "date" : 729374030.519164,
        "title" : "Untitled",
        "transform" : [
          0.99999994,
          0,
          -0,
          0,
          -0,
          0.8660254,
          -0.49999988,
          0,
          0,
          0.49999988,
          0.8660254,
          0,
          0,
          0.4755957,
          0.823756,
          1
        ]
      }
    ]
  },
  "selectedSceneRelativePath" : "Immersive.usda"
}